"","Akkadian","Albanian","Arabic","Aramaic","Arawak","Armenian","Austronesian","Avestan","Basque","Berber","Breton","Bulgarian","Carib","Catalan","Celtic","Cherokee","Chinese","Church.Slavonic","Coptic","Cornish","Cree","Croatian","Czech","Danish","Delaware","Dravidian","Dutch","Egyptian","Estonian","Fang","Finnish","Flemish","Fon","French","Frisian","Ga","Gaelic","Georgian","German","Germanic","Gothic","Greek","Haitian","Hawaiian","Hebrew","Hindi","Hittite","Hungarian","Icelandic","Indic","Indo.European","Iranian","Irish","Italian","Japanese","Korean","Kru","Lao","Latin","Latvian","Lithuanian","Low.German","Macedonian","Malay","Malayalam","Manchu","Mandar","Manx","Maori","Mari","Middle.Dutch","Middle.English","Middle.French","Middle.High.German","Middle.Irish","Modern.Greek","Mongo","Mongolian","Nahuatl","Neapolitan","North.American.Indian","Norwegian","Occitan","Ojibwa","Old.Church.Slavonic","Old.English","Old.French","Old.High.German","Old.Irish","Old.Norse","Old.Persian","Old.Provençal","Ossetian","Pali","Persian","Phoenician","Polish","Portuguese","Provençal","Romance","Romanian","Russian","Sanskrit","Scots","Semitic","Slavic","Slovak","Slovenian","Somali","Spanish","Swedish","Syriac","Tai","Tamil","Telugu","Thai","Tibetan","Turkish","Twi","Vai","Walloon","Welsh","Yiddish"
"Akkadian",13,0,9,0,0,0,0,0,0,0,0,0,0,0,0,0,0,0,0,0,0,0,0,0,0,0,0,0,0,0,0,0,0,4,0,0,0,0,0,0,0,4,0,0,9,0,0,0,0,0,0,0,0,0,0,0,0,0,4,0,0,0,0,0,0,0,0,0,0,0,0,0,0,0,0,0,0,0,0,0,0,0,0,0,0,4,4,0,0,0,0,0,0,0,0,0,0,0,0,0,0,0,0,0,4,0,0,0,0,0,0,0,0,0,0,0,0,0,0,0,0,0,0
"Albanian",0,192,25,0,0,29,0,62,0,0,0,0,2,0,4,0,2,89,0,0,0,3,50,1,0,0,167,0,0,0,0,0,0,84,137,28,28,25,183,167,142,171,0,0,39,0,25,3,0,0,80,0,96,62,0,0,6,0,134,52,144,0,0,0,0,0,0,0,0,0,19,31,0,0,0,0,0,0,0,0,0,0,0,0,89,181,27,172,96,152,55,0,0,0,57,0,30,0,0,2,0,138,96,0,25,9,0,0,0,60,11,0,0,0,0,0,0,0,0,0,0,48,0
"Arabic",9,25,379,0,0,25,0,0,0,14,14,14,0,15,0,0,8,40,0,0,0,0,0,9,0,0,48,1,0,0,14,0,0,335,48,41,39,25,89,54,9,63,0,0,36,0,25,9,0,0,45,0,77,247,0,0,0,0,333,0,39,0,0,8,0,0,8,0,0,0,0,53,0,0,0,0,0,0,0,0,0,0,6,0,40,77,276,48,43,48,0,0,0,0,14,0,48,9,15,0,0,84,1,0,30,23,0,0,0,289,0,0,0,0,0,0,0,9,0,0,0,68,0
"Aramaic",0,0,0,137,0,0,0,0,0,0,0,0,0,0,0,0,0,0,0,0,0,6,0,0,0,0,6,0,0,0,0,0,0,137,0,0,0,0,13,0,0,14,0,0,130,0,0,6,0,0,0,6,6,14,0,0,0,0,136,0,6,0,0,0,0,0,0,0,0,0,0,0,0,0,0,0,0,0,0,0,0,0,0,0,0,13,130,7,0,0,6,0,0,0,6,0,6,0,0,0,0,6,0,0,8,0,0,0,0,13,6,0,0,0,0,0,0,6,0,0,0,6,0
"Arawak",0,0,0,0,2,0,0,0,0,0,2,0,2,0,0,0,0,0,0,0,0,0,0,0,0,0,0,0,0,0,0,0,0,2,0,0,0,0,2,0,0,0,2,0,0,0,0,0,0,0,0,0,0,0,0,0,0,0,0,0,0,0,0,0,0,0,0,0,0,0,0,0,0,0,0,0,0,0,0,0,0,0,0,0,0,0,0,0,0,0,0,0,0,0,0,0,0,2,0,0,0,0,0,0,0,0,0,0,0,2,0,0,2,0,0,0,0,0,0,0,0,0,0
"Armenian",0,29,25,0,0,3058,0,1130,0,0,153,0,0,0,158,0,0,1547,0,0,0,0,0,1462,0,0,2883,0,0,0,0,0,0,151,2831,25,25,26,2930,2925,2428,2140,0,0,26,0,58,0,0,0,395,0,1225,16,131,0,0,0,1908,0,2099,0,0,0,0,0,0,0,0,0,1361,2668,0,0,16,0,0,0,0,0,0,0,0,0,1547,3032,150,2851,1172,2546,0,0,0,0,204,0,230,0,0,0,0,1029,2436,0,26,778,0,0,0,43,998,0,0,0,0,0,0,0,0,0,0,1020,0
"Austronesian",0,0,0,0,0,0,3,0,0,0,0,0,0,0,0,0,0,0,0,0,0,0,0,0,0,0,0,0,0,0,0,0,0,0,0,0,0,0,0,0,0,0,0,0,0,0,0,0,0,0,0,0,0,0,0,0,0,0,0,0,0,0,0,3,0,0,0,0,0,0,0,0,0,0,0,0,0,0,0,0,0,0,0,0,0,0,0,0,0,0,0,0,0,0,0,0,0,0,0,0,0,0,0,0,0,0,0,0,0,0,0,0,0,0,0,0,0,0,0,0,0,0,0
"Avestan",0,62,0,0,0,1130,0,12770,0,0,180,0,0,0,158,0,0,10686,0,0,0,0,0,1240,35,0,12393,0,0,0,0,14,0,3456,6250,23,0,0,12575,12534,12300,8691,0,0,0,0,2128,0,0,0,490,271,4041,200,131,7,0,0,11172,0,6222,89,0,0,0,0,0,0,0,0,5390,6956,0,0,60,0,0,0,0,0,0,0,0,0,10686,12564,223,4422,3977,9364,2492,0,0,0,2782,0,240,0,0,0,0,2170,8393,0,0,14,0,0,0,227,423,0,0,0,0,0,0,0,0,0,0,1159,0
"Basque",0,0,0,0,0,0,0,0,165,0,18,0,0,0,147,0,0,147,0,0,0,0,0,0,0,0,147,0,0,0,0,0,0,18,147,18,18,0,165,165,147,0,0,0,0,0,0,0,18,0,0,0,18,0,0,0,0,0,147,0,147,0,0,0,0,0,0,0,0,0,147,147,0,0,0,0,0,0,0,0,0,0,0,0,147,165,18,147,0,165,0,0,0,0,0,0,147,0,0,0,0,147,0,0,0,147,0,0,0,0,0,0,0,0,0,0,0,0,0,0,0,18,0
"Berber",0,0,14,0,0,0,0,0,0,14,14,14,0,0,0,0,0,14,0,0,0,0,0,0,0,0,14,0,0,0,14,0,0,14,14,14,14,0,14,14,0,14,0,0,0,0,0,0,0,0,14,0,14,14,0,0,0,0,14,0,14,0,0,0,0,0,0,0,0,0,0,0,0,0,0,0,0,0,0,0,0,0,0,0,14,14,0,14,14,14,0,0,0,0,0,0,14,0,0,0,0,14,0,0,0,14,0,0,0,14,0,0,0,0,0,0,0,0,0,0,0,14,0
"Breton",0,0,14,0,2,153,0,180,18,14,1685,14,2,0,144,0,0,204,0,3,0,0,0,304,35,0,1521,0,0,0,14,38,0,121,389,52,35,0,1624,1609,362,333,2,0,24,0,128,0,18,0,30,0,378,29,131,0,0,0,440,0,321,5,0,0,0,0,0,5,0,0,1371,260,0,106,16,0,0,0,0,0,0,0,0,0,204,1640,72,1593,319,440,0,0,0,0,131,0,28,15,0,0,0,17,278,0,0,14,0,0,0,34,67,0,2,0,0,0,0,0,0,0,0,327,0
"Bulgarian",0,0,14,0,0,0,0,0,0,14,14,14,0,0,0,0,0,14,0,0,0,0,0,0,0,0,14,0,0,0,14,0,0,14,14,14,14,0,14,14,0,14,0,0,0,0,0,0,0,0,14,0,14,14,0,0,0,0,14,0,14,0,0,0,0,0,0,0,0,0,0,0,0,0,0,0,0,0,0,0,0,0,0,0,14,14,0,14,14,14,0,0,0,0,0,0,14,0,0,0,0,14,0,0,0,14,0,0,0,14,0,0,0,0,0,0,0,0,0,0,0,14,0
"Carib",0,2,0,0,2,0,0,0,0,0,2,0,5,0,0,0,0,0,0,0,0,0,0,0,0,0,2,0,0,0,0,0,0,2,0,0,0,0,4,2,0,3,2,0,0,0,0,0,0,0,0,0,0,0,0,0,0,0,3,0,0,0,0,0,0,0,0,0,0,0,2,1,0,0,0,0,0,0,0,0,0,0,0,0,0,3,0,2,0,2,0,0,0,0,0,0,0,2,0,0,0,2,0,0,0,2,0,0,0,2,0,0,2,0,0,0,0,0,0,0,0,0,0
"Catalan",0,0,15,0,0,0,0,0,0,0,0,0,0,801,0,0,0,186,0,0,0,0,0,337,0,0,389,0,0,0,0,0,0,801,0,190,0,0,602,265,21,521,0,0,0,0,0,0,186,0,192,0,0,801,2,0,0,0,778,0,186,0,0,0,0,0,0,0,0,0,335,191,0,0,0,0,0,0,0,0,0,335,6,0,186,521,748,2,0,186,0,0,0,0,5,0,0,376,67,0,0,186,0,0,0,0,0,0,0,793,23,0,0,0,0,0,0,0,0,0,0,0,0
"Celtic",0,4,0,0,0,158,0,158,147,0,144,0,0,0,1911,0,0,437,2,143,0,3,0,345,0,0,1424,2,0,0,0,0,0,506,1316,622,52,0,1582,1550,890,267,0,0,21,0,0,3,0,0,90,0,915,135,131,0,0,0,750,64,427,71,0,0,0,0,0,5,0,0,1210,1114,0,132,119,0,0,0,0,0,0,4,0,0,437,1585,348,1382,842,1134,0,4,0,0,131,0,269,18,6,87,0,293,245,0,0,337,0,0,0,109,196,0,0,0,0,0,0,0,0,0,0,568,0
"Cherokee",0,0,0,0,0,0,0,0,0,0,0,0,0,0,0,51,0,0,0,0,0,0,0,0,0,0,0,0,0,0,0,0,0,0,0,0,0,0,0,0,0,0,0,0,0,0,0,0,0,0,0,0,0,0,0,0,0,0,0,0,0,0,0,0,0,0,0,0,0,0,0,0,0,0,0,0,0,0,0,0,0,0,0,0,0,0,0,0,0,0,0,0,0,0,0,0,0,0,0,0,0,0,0,0,0,0,0,0,0,0,0,0,0,0,0,0,0,0,0,0,0,0,0
"Chinese",0,2,8,0,0,0,0,0,0,0,0,0,0,0,0,0,1640,58,0,0,0,0,0,0,0,0,675,0,0,0,0,0,0,523,972,0,0,0,1096,1036,972,1174,0,0,0,0,0,0,0,0,423,0,0,375,6,52,0,0,1118,0,377,0,0,8,0,4,8,0,0,0,663,431,0,0,0,0,4,4,52,0,0,0,0,0,58,1497,515,1032,0,982,657,0,0,0,665,0,0,8,0,0,0,62,605,0,0,4,0,0,0,12,0,0,0,0,0,0,0,8,0,0,0,0,0
"Church Slavonic",0,89,40,0,0,1547,0,10686,147,14,204,14,0,186,437,0,58,51595,0,119,0,107,24,12311,35,0,30750,26,2,0,1289,14,0,5010,24417,79,41,25,51442,51296,20609,33974,0,0,112,0,11399,85,337,0,1416,92,33775,500,131,59,1,0,42509,0,43381,468,0,0,0,4,0,0,0,0,11854,37797,0,367,248,0,4,4,52,0,0,156,0,0,51595,51469,504,41951,33273,21821,6815,0,10,0,7281,0,681,186,0,0,0,23330,15597,0,110,1046,70,0,0,635,2245,0,0,0,0,0,0,0,0,0,0,3036,0
"Coptic",0,0,0,0,0,0,0,0,0,0,0,0,0,0,2,0,0,0,19,0,0,0,0,0,0,0,16,3,0,0,0,0,0,19,0,0,0,0,16,0,0,18,0,0,16,0,0,0,0,0,0,0,0,16,0,0,0,0,19,0,0,0,0,0,0,0,0,0,0,0,0,0,0,0,0,0,0,0,0,0,0,0,0,0,0,17,18,0,0,0,0,2,0,0,0,1,16,0,2,0,0,16,0,0,0,0,0,0,0,17,16,0,0,0,0,0,0,0,0,0,0,0,0
"Cornish",0,0,0,0,0,0,0,0,0,0,3,0,0,0,143,0,0,119,0,143,0,0,0,0,0,0,119,0,0,0,0,0,0,23,119,3,0,0,119,119,119,0,0,0,0,0,0,0,0,0,0,0,138,18,0,0,0,0,19,0,119,0,0,0,0,0,0,0,0,0,119,122,0,0,0,0,0,0,0,0,0,0,0,0,119,137,5,119,120,119,0,0,0,0,0,0,119,0,0,0,0,119,0,0,0,119,0,0,0,0,0,0,0,0,0,0,0,0,0,0,0,6,0
"Cree",0,0,0,0,0,0,0,0,0,0,0,0,0,0,0,0,0,0,0,0,29,0,0,0,0,0,0,0,0,0,0,0,0,18,0,0,0,0,0,0,0,4,0,0,0,0,0,0,0,0,0,0,0,0,0,0,0,0,4,0,0,0,0,0,0,0,0,0,0,0,0,15,0,0,0,0,0,0,0,0,0,0,0,0,0,0,3,0,0,0,0,0,0,0,0,0,0,0,0,0,0,0,0,0,0,0,0,0,10,0,0,0,0,0,0,0,0,0,0,0,0,0,0
"Croatian",0,3,0,6,0,0,0,0,0,0,0,0,0,0,3,0,0,107,0,0,0,145,1,62,0,0,80,0,0,0,0,0,0,72,45,3,3,0,117,85,4,120,0,0,0,0,0,9,0,0,36,6,51,35,0,0,0,0,145,1,54,0,0,0,0,0,0,0,0,0,45,36,0,0,0,0,0,0,0,0,0,0,0,0,107,120,30,45,0,46,6,0,0,0,6,0,90,0,0,0,0,36,62,0,0,108,0,0,0,71,6,0,0,0,0,0,0,6,0,0,0,12,0
"Czech",0,50,0,0,0,0,0,0,0,0,0,0,0,0,0,0,0,24,0,0,0,1,107,0,0,0,92,0,0,0,0,0,0,2,74,0,0,0,93,93,75,84,0,0,0,0,0,0,0,0,19,0,63,0,0,0,0,0,34,51,100,0,0,0,0,0,0,0,0,0,0,23,0,18,0,0,0,0,0,0,0,0,0,0,24,93,2,74,50,75,0,0,0,0,0,0,37,0,0,0,0,93,13,0,0,20,0,0,0,0,0,0,0,0,0,0,0,0,0,0,0,14,0
"Danish",0,1,9,0,0,1462,0,1240,0,0,304,0,0,337,345,0,0,12311,0,0,0,62,0,46047,0,0,31912,0,0,0,878,4,0,2873,30798,371,256,0,45469,43736,19893,6668,0,0,566,16,9281,128,104,0,2554,406,7642,2018,133,26,0,0,13112,64,12811,1140,0,0,0,0,0,0,20,0,19650,18670,0,950,25,51,0,0,0,0,0,1066,0,0,12311,44869,1219,28220,7225,38123,4524,2,10,0,4896,0,412,142,2,115,0,1607,7374,5,85,1098,0,27,0,1899,20014,0,0,0,0,0,0,34,0,0,0,1937,273
"Delaware",0,0,0,0,0,0,0,35,0,0,35,0,0,0,0,0,0,35,0,0,0,0,0,0,51,0,16,0,0,0,0,0,0,0,51,0,0,0,51,51,35,35,0,0,0,0,0,0,0,0,0,0,35,0,0,0,0,0,35,0,35,16,0,0,0,0,0,0,0,0,0,0,0,0,0,0,0,0,0,0,0,0,0,0,35,51,0,51,35,35,0,0,0,0,0,0,0,0,0,0,0,0,35,0,0,0,0,0,0,0,0,0,0,0,0,0,0,0,0,0,0,0,0
"Dravidian",0,0,0,0,0,0,0,0,0,0,0,0,0,0,0,0,0,0,0,0,0,0,0,0,0,3,0,0,0,0,0,0,0,1,0,0,0,0,1,0,0,1,0,0,0,2,0,0,0,0,0,0,0,0,0,0,0,0,1,0,0,0,0,2,2,0,0,0,0,0,0,0,0,1,0,0,0,0,0,0,0,0,0,0,0,0,1,0,0,0,0,0,0,0,0,0,0,2,0,0,0,0,1,0,0,0,0,0,0,0,0,0,0,2,2,0,0,0,0,0,0,0,0
"Dutch",0,167,48,6,0,2883,0,12393,147,14,1521,14,2,389,1424,0,675,30750,16,119,0,80,92,31912,16,0,187378,27,0,6,2182,612,0,30627,161426,2244,58,50,186778,178924,84508,29994,0,0,1014,0,11867,129,893,0,4192,683,19539,3584,133,26,7,46,56973,50,27992,5369,0,8,0,4,8,0,0,837,107145,104954,0,3765,186,0,4,4,0,0,1146,1010,0,1146,30750,185213,15518,126721,17839,124277,7856,4,10,0,8522,0,965,559,238,31,0,5879,20900,646,110,2637,70,27,0,4221,18520,0,0,0,0,0,0,105,40,0,11,5880,138
"Egyptian",0,0,1,0,0,0,0,0,0,0,0,0,0,0,2,0,0,26,3,0,0,0,0,0,0,0,27,52,0,0,0,0,0,51,26,1,0,0,29,27,1,45,0,0,1,0,0,0,0,0,0,0,0,10,0,0,0,0,51,0,0,1,0,0,0,0,0,0,0,0,26,31,0,0,0,0,0,0,0,0,0,0,0,0,26,31,23,27,0,0,0,2,0,0,0,1,0,10,3,0,0,0,0,0,1,26,0,0,0,37,0,0,0,0,0,0,0,0,0,0,0,0,0
"Estonian",0,0,0,0,0,0,0,0,0,0,0,0,0,0,0,0,0,2,0,0,0,0,0,0,0,0,0,0,2,0,2,0,0,0,2,0,0,0,2,2,2,0,0,0,0,0,0,0,0,0,0,0,0,0,0,0,0,0,0,0,2,0,0,0,0,0,0,0,0,0,0,0,0,0,0,0,0,0,0,0,0,0,0,0,2,2,0,2,0,2,0,0,0,0,0,0,0,0,0,0,0,0,0,0,0,0,0,0,0,0,2,0,0,0,0,0,0,0,0,0,0,0,0
"Fang",0,0,0,0,0,0,0,0,0,0,0,0,0,0,0,0,0,0,0,0,0,0,0,0,0,0,6,0,0,6,0,0,0,0,6,0,0,0,6,6,6,0,0,0,0,0,0,0,0,0,0,0,0,0,0,0,0,0,6,0,0,0,0,0,0,0,0,0,0,0,6,6,0,0,0,0,0,0,0,0,0,0,0,0,0,6,0,0,0,6,0,0,0,0,0,0,0,0,0,0,0,0,0,0,0,0,0,0,0,0,0,0,0,0,0,0,0,0,0,0,0,0,0
"Finnish",0,0,14,0,0,0,0,0,0,14,14,14,0,0,0,0,0,1289,0,0,0,0,0,878,0,0,2182,0,2,0,2184,0,0,459,1816,340,14,0,2184,2184,1311,392,0,0,0,0,0,85,0,0,391,372,838,15,0,0,0,0,404,0,378,14,0,0,0,0,0,0,0,0,668,1261,0,362,0,0,0,0,0,0,0,0,0,0,1289,2184,0,1845,838,1198,0,0,0,0,0,0,14,0,0,1,0,461,5,0,85,103,0,0,0,302,1289,0,0,0,0,0,0,0,0,0,0,843,0
"Flemish",0,0,0,0,0,0,0,14,0,0,38,0,0,0,0,0,0,14,0,0,0,0,0,4,0,0,612,0,0,0,0,643,0,100,481,16,0,0,639,540,14,22,0,0,24,0,0,0,0,0,14,0,24,61,0,0,0,0,27,0,0,67,0,0,0,0,0,0,0,0,572,506,0,33,0,0,0,0,0,0,0,4,0,0,14,525,13,506,0,119,0,0,0,0,0,0,14,0,0,0,0,0,47,0,0,0,0,0,0,0,11,0,0,0,0,0,0,0,33,0,11,0,0
"Fon",0,0,0,0,0,0,0,0,0,0,0,0,0,0,0,0,0,0,0,0,0,0,0,0,0,0,0,0,0,0,0,0,1,0,0,0,0,0,0,0,0,0,0,0,0,0,0,0,0,0,0,0,0,0,0,0,0,0,0,0,0,0,0,0,0,0,0,0,0,0,0,1,0,0,0,0,0,0,0,0,0,0,0,0,0,0,0,0,0,0,0,0,0,0,0,0,0,0,0,0,0,0,0,0,0,0,0,0,0,0,0,0,0,0,0,0,0,0,0,0,0,0,0
"French",4,84,335,137,2,151,0,3456,18,14,121,14,2,801,506,0,523,5010,19,23,18,72,2,2873,0,1,30627,51,0,0,459,100,0,62434,23654,1245,59,1,37561,34719,5884,5821,2,8,1066,0,85,44,925,0,2194,294,783,9755,17,0,0,0,47034,4,1681,637,0,8,0,4,8,0,0,92,13617,26196,3,468,255,51,4,4,0,1,226,514,6,0,5010,39091,42904,14572,494,28379,110,214,0,77,241,3,151,1961,651,607,17,505,4072,651,31,689,0,0,0,9870,2330,1,2,0,0,0,6,59,0,36,13,552,0
"Frisian",0,137,48,0,0,2831,0,6250,147,14,389,14,0,0,1316,0,972,24417,0,119,0,45,74,30798,51,0,161426,26,2,6,1816,481,0,23654,179206,2459,101,50,178659,175379,86184,26123,0,0,604,0,12528,128,776,0,4693,677,19832,1860,352,26,1,46,55353,50,24822,2760,0,0,0,0,0,0,20,825,92336,100299,0,3194,160,0,0,0,0,0,1146,414,0,1146,24417,178858,13420,123648,18176,125900,7837,0,0,0,8293,0,767,35,0,31,17,5111,18938,646,110,2510,70,27,0,2328,15055,0,0,0,0,0,0,34,0,0,0,5336,136
"Ga",0,28,41,0,0,25,0,23,18,14,52,14,0,190,622,0,0,79,0,3,0,3,0,371,0,0,2244,1,0,0,340,16,0,1245,2459,4260,433,25,3021,2980,897,615,0,0,51,16,25,3,18,0,62,0,843,429,223,0,0,0,1873,0,80,253,0,0,0,0,0,0,0,0,1431,1661,0,31,3,0,0,0,0,0,0,87,0,0,79,3098,1079,2230,784,2763,0,3,0,0,0,0,42,190,5,68,0,41,52,0,25,92,0,0,0,385,450,0,0,0,0,0,0,0,0,0,11,403,0
"Gaelic",0,28,39,0,0,25,0,0,18,14,35,14,0,0,52,0,0,41,0,0,0,3,0,256,0,0,58,0,0,0,14,0,0,59,101,433,433,25,384,382,20,72,0,0,25,0,25,3,18,0,39,0,329,33,0,0,0,0,57,0,42,1,0,0,0,0,0,0,0,0,15,94,0,0,2,0,0,0,0,0,0,0,0,0,41,384,42,349,275,388,0,0,0,0,0,0,42,0,0,0,0,41,0,0,25,14,0,0,0,36,239,0,0,0,0,0,0,0,0,0,0,317,0
"Georgian",0,25,25,0,0,26,0,0,0,0,0,0,0,0,0,0,0,25,0,0,0,0,0,0,0,0,50,0,0,0,0,0,0,1,50,25,25,51,50,25,0,26,0,0,26,0,26,0,25,0,26,0,25,0,0,0,0,0,26,0,25,25,0,0,0,0,0,0,0,0,25,0,0,0,0,0,0,0,0,0,0,0,0,0,25,50,1,25,25,25,0,0,0,0,0,0,25,0,0,0,0,25,0,0,26,0,0,0,0,0,0,0,0,0,0,0,0,0,0,0,0,25,0
"German",0,183,89,13,2,2930,0,12575,165,14,1624,14,4,602,1582,0,1096,51442,16,119,0,117,93,45469,51,1,186778,29,2,6,2184,639,0,37561,178659,3021,384,50,255419,241302,101759,51986,2,0,1137,16,12613,138,1176,0,5363,690,39066,5653,536,78,7,46,91841,116,47950,5960,0,8,0,4,8,0,20,837,106760,135541,2,7396,341,128,4,4,52,0,1299,1413,6,1146,51442,250656,20437,162000,37207,156005,7941,56,10,0,8621,0,1045,1052,331,193,17,24541,23517,659,118,2927,70,27,0,6172,30621,0,2,0,0,0,0,105,49,0,11,6377,412
"Germanic",0,167,54,0,0,2925,0,12534,165,14,1609,14,2,265,1550,0,1036,51296,0,119,0,85,93,43736,51,0,178924,27,2,6,2184,540,0,34719,175379,2980,382,25,241302,241302,99084,49231,0,0,717,16,12613,131,1151,0,5272,684,38550,3676,525,26,7,46,85863,115,47330,4952,0,0,0,4,0,0,0,837,102813,131087,2,4553,321,128,4,4,0,0,1299,607,6,1146,51296,238960,18256,157605,37114,152824,7477,45,10,0,8146,0,1000,514,309,193,0,24283,23232,656,110,2901,70,27,0,4568,29750,0,0,0,0,0,0,91,7,0,11,6260,138
"Gothic",0,142,9,0,0,2428,0,12300,147,0,362,0,0,21,890,0,972,20609,0,119,0,4,75,19893,35,0,84508,1,2,6,1311,14,0,5884,86184,897,20,0,101759,99084,102236,22520,0,0,475,16,7765,131,87,0,2763,363,9596,896,352,0,0,0,35426,51,17711,2814,0,0,0,0,0,0,0,21,38591,56706,0,3071,79,51,0,0,0,0,0,169,0,0,20609,102132,875,60287,8471,76823,7838,0,0,0,8336,0,646,34,17,72,0,5107,21326,641,85,2299,70,0,0,779,12269,0,0,0,0,0,0,34,0,0,0,5469,90
"Greek",4,171,63,14,0,2140,0,8691,0,14,333,14,3,521,267,0,1174,33974,18,0,4,120,84,6668,35,1,29994,45,0,0,392,22,0,5821,26123,615,72,26,51986,49231,22520,55518,0,0,1007,0,3297,138,378,0,3387,386,30255,2085,352,59,7,0,45825,51,33523,521,2,8,0,4,8,0,0,1,12439,37108,3,2075,148,128,4,4,52,0,0,519,0,0,33974,53575,4253,42025,29605,19068,3708,16,0,0,4378,1,439,403,125,73,0,21801,12591,641,132,1561,70,0,0,2097,4773,1,0,0,0,0,0,111,0,0,1,3058,0
"Haitian",0,0,0,0,2,0,0,0,0,0,2,0,2,0,0,0,0,0,0,0,0,0,0,0,0,0,0,0,0,0,0,0,0,2,0,0,0,0,2,0,0,0,2,0,0,0,0,0,0,0,0,0,0,0,0,0,0,0,0,0,0,0,0,0,0,0,0,0,0,0,0,0,0,0,0,0,0,0,0,0,0,0,0,0,0,0,0,0,0,0,0,0,0,0,0,0,0,2,0,0,0,0,0,0,0,0,0,0,0,2,0,0,2,0,0,0,0,0,0,0,0,0,0
"Hawaiian",0,0,0,0,0,0,0,0,0,0,0,0,0,0,0,0,0,0,0,0,0,0,0,0,0,0,0,0,0,0,0,0,0,8,0,0,0,0,0,0,0,0,0,8,0,0,0,0,0,0,0,0,0,0,0,0,0,0,8,0,0,0,0,0,0,0,0,0,0,0,0,0,0,0,0,0,0,0,0,0,0,0,0,0,0,0,8,0,0,0,0,0,0,0,0,0,0,0,0,0,0,0,0,0,0,0,0,0,0,0,0,0,0,0,0,0,0,0,0,0,0,0,0
"Hebrew",9,39,36,130,0,26,0,0,0,0,24,0,0,0,21,0,0,112,16,0,0,0,0,566,0,0,1014,1,0,0,0,24,0,1066,604,51,25,26,1137,717,475,1007,0,0,1897,0,26,0,0,0,56,0,63,824,0,0,0,0,1283,0,89,76,0,0,0,0,0,0,0,0,950,854,0,0,0,0,0,0,0,0,0,0,0,0,112,1458,573,1020,39,628,0,0,0,0,1,2,41,11,99,1,0,42,80,0,47,0,0,0,0,824,27,1,0,0,0,0,0,1,0,0,0,25,0
"Hindi",0,0,0,0,0,0,0,0,0,0,0,0,0,0,0,0,0,0,0,0,0,0,0,16,0,2,0,0,0,0,0,0,0,0,0,16,0,0,16,16,16,0,0,0,0,19,0,0,0,0,16,0,0,0,0,0,0,0,16,0,0,0,0,2,2,0,0,0,0,0,0,16,0,16,0,0,0,0,0,0,0,0,0,0,0,16,0,16,0,16,0,0,0,0,0,0,0,2,0,0,0,0,17,0,0,0,0,0,0,0,0,0,0,2,2,0,0,0,0,0,0,0,0
"Hittite",0,25,25,0,0,58,0,2128,0,0,128,0,0,0,0,0,0,11399,0,0,0,0,0,9281,0,0,11867,0,0,0,0,0,0,85,12528,25,25,26,12613,12613,7765,3297,0,0,26,0,12678,0,0,0,45,0,7869,5,0,0,0,0,8434,0,11685,0,0,0,0,0,0,0,0,0,5271,8138,0,106,2,0,0,0,0,0,0,19,0,0,11399,12657,65,10414,7865,12282,6376,0,0,0,6547,0,25,0,5,0,0,285,7672,0,26,51,0,0,0,0,212,0,0,0,0,0,0,0,0,0,0,265,0
"Hungarian",0,3,9,6,0,0,0,0,0,0,0,0,0,0,3,0,0,85,0,0,0,9,0,128,0,0,129,0,0,0,85,0,0,44,128,3,3,0,138,131,131,138,0,0,0,0,0,138,0,0,119,91,15,53,0,0,0,0,128,0,9,0,0,0,0,0,0,0,0,0,85,128,0,0,0,0,0,0,0,0,0,0,0,0,85,137,37,128,0,128,6,0,0,0,40,0,18,35,0,0,0,100,34,0,85,128,0,0,0,53,6,0,0,0,0,0,0,40,0,0,0,9,0
"Icelandic",0,0,0,0,0,0,0,0,18,0,18,0,0,186,0,0,0,337,0,0,0,0,0,104,0,0,893,0,0,0,0,0,0,925,776,18,18,25,1176,1151,87,378,0,0,0,0,0,0,1183,0,237,0,34,237,0,0,0,0,944,0,196,154,0,0,0,0,0,0,0,0,752,76,0,0,0,51,0,0,0,0,0,138,0,0,337,1170,255,792,4,1023,0,0,10,0,33,0,0,186,0,51,0,196,184,0,0,0,0,0,0,901,243,0,0,0,0,0,0,0,0,0,0,69,0
"Indic",0,0,0,0,0,0,0,0,0,0,0,0,0,0,0,0,0,0,0,0,0,0,0,0,0,0,0,0,0,0,0,0,0,0,0,0,0,0,0,0,0,0,0,0,0,0,0,0,0,10,0,0,0,0,0,0,0,0,0,0,0,0,0,0,0,0,0,0,0,0,0,0,0,0,0,0,0,0,0,0,0,0,0,0,0,0,0,0,0,0,0,0,0,0,0,0,0,0,0,0,0,0,0,0,0,0,0,0,0,0,0,0,0,0,0,0,0,0,0,0,0,0,0
"Indo-European",0,80,45,0,0,395,0,490,0,14,30,14,0,192,90,0,423,1416,0,0,0,36,19,2554,0,0,4192,0,0,0,391,14,0,2194,4693,62,39,26,5363,5272,2763,3387,0,0,56,16,45,119,237,0,5874,650,1207,984,0,52,0,0,3699,0,1501,161,0,0,0,0,0,0,0,0,2055,3330,0,27,0,51,0,0,52,0,0,19,6,0,1416,5775,930,3627,158,4423,110,7,0,0,144,0,217,245,13,51,17,672,953,641,112,251,0,0,0,957,937,0,0,0,0,0,0,34,0,0,0,880,0
"Iranian",0,0,0,6,0,0,0,271,0,0,0,0,0,0,0,0,0,92,0,0,0,6,0,406,0,0,683,0,0,0,372,0,0,294,677,0,0,0,690,684,363,386,0,0,0,0,0,91,0,0,650,691,13,6,0,0,0,0,386,0,13,0,0,0,0,0,0,0,0,0,643,379,0,0,0,0,0,0,0,0,0,0,0,0,92,690,1,650,0,684,6,0,0,0,7,0,40,0,0,0,0,91,34,0,85,85,0,0,0,293,293,0,0,0,0,0,0,6,0,0,0,6,0
"Irish",0,96,77,6,0,1225,0,4041,18,14,378,14,0,0,915,0,0,33775,0,138,0,51,63,7642,35,0,19539,0,0,0,838,24,0,783,19832,843,329,25,39066,38550,9596,30255,0,0,63,0,7869,15,34,0,1207,13,39554,557,131,0,1,0,35712,50,33688,529,0,0,0,0,0,5,0,21,8183,35518,0,20,580,0,0,0,0,0,0,0,0,0,33775,39137,538,35398,37437,14437,2251,0,0,0,2728,0,484,49,5,0,0,20305,6401,0,25,1019,70,0,0,211,3429,0,0,0,0,0,0,6,0,0,0,5529,0
"Italian",0,62,247,14,0,16,0,200,0,14,29,14,0,801,135,0,375,500,16,18,0,35,0,2018,0,0,3584,10,0,0,15,61,0,9755,1860,429,33,0,5653,3676,896,2085,0,0,824,0,5,53,237,0,984,6,557,10541,2,0,0,0,8864,2,1231,693,0,0,0,4,0,0,0,0,2034,3215,2,317,29,51,4,4,0,0,153,335,6,0,500,6060,7570,2231,122,1881,88,72,0,77,134,0,165,1842,505,486,17,428,349,0,13,561,0,0,0,8212,821,0,0,0,0,0,0,47,0,0,0,158,0
"Japanese",0,0,0,0,0,131,0,131,0,0,131,0,0,2,131,0,6,131,0,0,0,0,0,133,0,0,133,0,0,0,0,0,0,17,352,223,0,0,536,525,352,352,0,0,0,0,0,0,0,0,0,0,131,2,547,0,0,0,363,0,131,0,0,0,0,0,0,0,0,0,0,140,0,9,0,0,0,0,0,0,0,0,0,0,131,540,8,354,131,367,0,0,0,0,131,0,0,2,0,0,0,0,131,0,0,0,0,0,0,2,2,0,0,0,0,0,0,0,0,0,0,131,0
"Korean",0,0,0,0,0,0,0,7,0,0,0,0,0,0,0,0,52,59,0,0,0,0,0,26,0,0,26,0,0,0,0,0,0,0,26,0,0,0,78,26,0,59,0,0,0,0,0,0,0,0,52,0,0,0,0,78,0,0,7,0,0,0,0,0,0,0,0,0,0,0,26,26,0,0,0,0,0,0,52,0,0,0,0,0,59,78,0,26,0,26,52,0,0,0,52,0,7,0,0,0,0,59,7,0,0,7,0,0,0,0,7,0,0,0,0,0,0,0,0,0,0,7,0
"Kru",0,6,0,0,0,0,0,0,0,0,0,0,0,0,0,0,0,1,0,0,0,0,0,0,0,0,7,0,0,0,0,0,0,0,1,0,0,0,7,7,0,7,0,0,0,0,0,0,0,0,0,0,1,0,0,0,17,0,0,0,0,1,0,0,0,0,0,0,0,0,7,7,0,0,1,0,0,0,0,0,0,0,0,0,1,7,0,1,0,1,0,0,0,0,0,0,0,0,0,0,0,0,0,0,0,0,0,0,0,0,0,0,0,0,0,0,0,0,0,0,0,0,0
"Lao",0,0,0,0,0,0,0,0,0,0,0,0,0,0,0,0,0,0,0,0,0,0,0,0,0,0,46,0,0,0,0,0,0,0,46,0,0,0,46,46,0,0,0,0,0,0,0,0,0,0,0,0,0,0,0,0,0,46,0,0,0,0,0,0,0,0,0,0,0,0,0,0,0,0,0,0,0,0,0,0,0,0,0,0,0,46,0,0,0,46,0,0,0,0,0,0,0,0,0,0,0,0,0,0,0,0,0,0,0,0,0,0,0,0,0,0,0,0,0,0,0,0,46
"Latin",4,134,333,136,0,1908,0,11172,147,14,440,14,3,778,750,0,1118,42509,19,19,4,145,34,13112,35,1,56973,51,0,6,404,27,0,47034,55353,1873,57,26,91841,85863,35426,45825,0,8,1283,16,8434,128,944,0,3699,386,35712,8864,363,7,0,0,115381,69,39283,1083,2,0,0,4,0,0,0,875,23366,66973,3,5087,456,51,4,4,0,0,226,387,6,0,42509,94634,37434,54403,33830,52274,3250,161,10,77,3948,3,430,1918,570,668,17,22291,13776,641,141,2370,70,27,0,9084,6619,1,0,0,0,0,6,103,0,36,2,3977,0
"Latvian",0,52,0,0,0,0,0,0,0,0,0,0,0,0,64,0,0,0,0,0,0,1,51,64,0,0,50,0,0,0,0,0,0,4,50,0,0,0,116,115,51,51,0,0,0,0,0,0,0,0,0,0,50,2,0,0,0,0,69,119,53,64,0,0,0,0,0,0,0,0,0,64,0,65,0,0,0,0,0,0,0,0,0,0,0,117,4,115,50,51,0,0,0,0,0,0,0,0,0,66,0,54,65,0,0,65,0,0,0,0,64,0,0,0,0,0,0,0,0,0,0,0,0
"Lithuanian",0,144,39,6,0,2099,0,6222,147,14,321,14,0,186,427,0,377,43381,0,119,0,54,100,12811,35,0,27992,0,2,0,378,0,0,1681,24822,80,42,25,47950,47330,17711,33523,0,0,89,0,11685,9,196,0,1501,13,33688,1231,131,0,0,0,39283,53,48650,952,0,0,0,4,0,0,0,0,9843,35475,0,506,250,0,4,4,0,0,0,29,0,0,43381,48243,1114,40865,32852,19851,6519,0,10,0,7083,0,661,222,0,2,0,21729,12181,0,25,2248,70,0,0,605,3564,0,0,0,0,0,0,6,0,0,0,2679,0
"Low German",0,0,0,0,0,0,0,89,0,0,5,0,0,0,71,0,0,468,0,0,0,0,0,1140,16,0,5369,1,0,0,14,67,0,637,2760,253,1,25,5960,4952,2814,521,0,0,76,0,0,0,154,0,161,0,529,693,0,0,1,0,1083,64,952,5960,0,0,0,0,0,0,20,0,4384,2115,0,313,1,0,0,0,0,0,0,316,0,0,468,5099,199,1922,152,3593,8,0,0,0,50,0,12,0,0,65,0,146,1270,0,0,90,70,0,0,100,1857,0,0,0,0,0,0,0,7,0,0,148,2
"Macedonian",0,0,0,0,0,0,0,0,0,0,0,0,0,0,0,0,0,0,0,0,0,0,0,0,0,0,0,0,0,0,0,0,0,0,0,0,0,0,0,0,0,2,0,0,0,0,0,0,0,0,0,0,0,0,0,0,0,0,2,0,0,0,2,0,0,0,0,0,0,0,0,0,0,0,0,0,0,0,0,0,0,0,0,0,0,2,0,0,0,0,0,0,0,0,0,0,0,0,0,0,0,0,0,0,0,0,0,0,0,2,0,0,0,0,0,0,0,0,0,0,0,0,0
"Malay",0,0,8,0,0,0,3,0,0,0,0,0,0,0,0,0,8,0,0,0,0,0,0,0,0,2,8,0,0,0,0,0,0,8,0,0,0,0,8,0,0,8,0,0,0,2,0,0,0,0,0,0,0,0,0,0,0,0,0,0,0,0,0,13,2,0,8,0,0,0,0,0,0,0,0,0,0,0,0,0,0,0,0,0,0,0,0,0,0,0,0,0,0,0,8,0,0,10,0,0,0,8,0,0,0,0,0,0,0,8,0,0,0,2,2,0,0,8,0,0,0,0,0
"Malayalam",0,0,0,0,0,0,0,0,0,0,0,0,0,0,0,0,0,0,0,0,0,0,0,0,0,2,0,0,0,0,0,0,0,0,0,0,0,0,0,0,0,0,0,0,0,2,0,0,0,0,0,0,0,0,0,0,0,0,0,0,0,0,0,2,2,0,0,0,0,0,0,0,0,0,0,0,0,0,0,0,0,0,0,0,0,0,0,0,0,0,0,0,0,0,0,0,0,2,0,0,0,0,0,0,0,0,0,0,0,0,0,0,0,2,2,0,0,0,0,0,0,0,0
"Manchu",0,0,0,0,0,0,0,0,0,0,0,0,0,0,0,0,4,4,0,0,0,0,0,0,0,0,4,0,0,0,0,0,0,4,0,0,0,0,4,4,0,4,0,0,0,0,0,0,0,0,0,0,0,4,0,0,0,0,4,0,4,0,0,0,0,4,0,0,0,0,0,4,0,0,0,0,4,4,0,0,0,0,0,0,4,4,4,0,0,4,0,0,0,0,0,0,0,0,0,0,0,0,0,0,0,4,0,0,0,4,0,0,0,0,0,0,0,0,0,0,0,0,0
"Mandar",0,0,8,0,0,0,0,0,0,0,0,0,0,0,0,0,8,0,0,0,0,0,0,0,0,0,8,0,0,0,0,0,0,8,0,0,0,0,8,0,0,8,0,0,0,0,0,0,0,0,0,0,0,0,0,0,0,0,0,0,0,0,0,8,0,0,8,0,0,0,0,0,0,0,0,0,0,0,0,0,0,0,0,0,0,0,0,0,0,0,0,0,0,0,8,0,0,8,0,0,0,8,0,0,0,0,0,0,0,8,0,0,0,0,0,0,0,8,0,0,0,0,0
"Manx",0,0,0,0,0,0,0,0,0,0,5,0,0,0,5,0,0,0,0,0,0,0,0,0,0,0,0,0,0,0,0,0,0,0,0,0,0,0,0,0,0,0,0,0,0,0,0,0,0,0,0,0,5,0,0,0,0,0,0,0,0,0,0,0,0,0,0,5,0,0,0,0,0,0,0,0,0,0,0,0,0,0,0,0,0,0,0,0,5,0,0,0,0,0,0,0,0,0,0,0,0,0,0,0,0,0,0,0,0,0,0,0,0,0,0,0,0,0,0,0,0,5,0
"Maori",0,0,0,0,0,0,0,0,0,0,0,0,0,0,0,0,0,0,0,0,0,0,0,20,0,0,0,0,0,0,0,0,0,0,20,0,0,0,20,0,0,0,0,0,0,0,0,0,0,0,0,0,0,0,0,0,0,0,0,0,0,20,0,0,0,0,0,0,20,0,0,0,0,0,0,0,0,0,0,0,0,20,0,0,0,0,0,0,0,0,0,0,0,0,0,0,0,0,0,0,0,0,0,0,0,0,0,0,0,0,0,0,0,0,0,0,0,0,0,0,0,0,0
"Mari",0,0,0,0,0,0,0,0,0,0,0,0,0,0,0,0,0,0,0,0,0,0,0,0,0,0,837,0,0,0,0,0,0,92,825,0,0,0,837,837,21,1,0,0,0,0,0,0,0,0,0,0,21,0,0,0,0,0,875,0,0,0,0,0,0,0,0,0,0,896,837,75,1,0,0,0,0,0,0,0,0,0,0,0,0,837,56,837,21,33,0,0,0,0,0,0,2,0,0,0,0,0,21,0,0,0,0,0,0,0,0,0,0,0,0,0,0,0,0,0,0,0,0
"Middle Dutch",0,19,0,0,0,1361,0,5390,147,0,1371,0,2,335,1210,0,663,11854,0,119,0,45,0,19650,0,0,107145,26,0,6,668,572,0,13617,92336,1431,15,25,106760,102813,38591,12439,0,0,950,0,5271,85,752,0,2055,643,8183,2034,0,26,7,0,23366,0,9843,4384,0,0,0,0,0,0,0,837,107145,55067,0,2943,70,0,0,0,0,0,0,634,0,0,11854,106211,1479,89907,7633,70020,631,2,10,0,958,0,809,2,181,30,0,3575,10420,1,85,1754,70,27,0,2943,10043,0,0,0,0,0,0,57,0,0,11,1839,92
"Middle English",0,31,53,0,0,2668,0,6956,147,0,260,0,1,191,1114,0,431,37797,0,122,15,36,23,18670,0,0,104954,31,0,6,1261,506,1,26196,100299,1661,94,0,135541,131087,56706,37108,0,0,854,16,8138,128,76,0,3330,379,35518,3215,140,26,7,0,66973,64,35475,2115,0,0,0,4,0,0,0,75,55067,149941,0,2587,166,51,4,4,0,0,1146,557,0,1146,37797,142033,20099,84220,34607,71246,2284,117,0,77,2728,2,359,721,137,204,0,21262,11001,15,99,2402,70,0,0,3258,11306,0,0,0,0,0,6,91,2,0,0,3781,0
"Middle French",0,0,0,0,0,0,0,0,0,0,0,0,0,0,0,0,0,0,0,0,0,0,0,0,0,0,0,0,0,0,0,0,0,3,0,0,0,0,2,2,0,3,0,0,0,0,0,0,0,0,0,0,0,2,0,0,0,0,3,0,0,0,0,0,0,0,0,0,0,1,0,0,3,0,0,0,0,0,0,0,0,0,0,0,0,0,0,0,0,0,0,0,0,0,0,0,0,0,0,0,0,0,0,0,0,2,0,0,0,2,0,0,0,0,0,0,0,0,0,0,0,0,0
"Middle High German",0,0,0,0,0,0,0,0,0,0,106,0,0,0,132,0,0,367,0,0,0,0,18,950,0,1,3765,0,0,0,362,33,0,468,3194,31,0,0,7396,4553,3071,2075,0,0,0,16,106,0,0,0,27,0,20,317,9,0,0,0,5087,65,506,313,0,0,0,0,0,0,0,0,2943,2587,0,7396,0,0,0,0,0,0,0,29,0,0,367,7087,296,2937,5,3328,0,0,0,0,14,0,18,9,179,64,0,382,138,0,0,64,0,0,0,304,272,0,0,0,0,0,0,57,42,0,0,80,0
"Middle Irish",0,0,0,0,0,16,0,60,0,0,16,0,0,0,119,0,0,248,0,0,0,0,0,25,0,0,186,0,0,0,0,0,0,255,160,3,2,0,341,321,79,148,0,0,0,0,2,0,0,0,0,0,580,29,0,0,1,0,456,0,250,1,0,0,0,0,0,0,0,0,70,166,0,0,580,0,0,0,0,0,0,0,0,0,248,329,230,233,274,294,4,0,0,0,4,0,34,13,0,0,0,166,202,0,0,34,0,0,0,29,4,0,0,0,0,0,0,0,0,0,0,78,0
"Modern Greek",0,0,0,0,0,0,0,0,0,0,0,0,0,0,0,0,0,0,0,0,0,0,0,51,0,0,0,0,0,0,0,0,0,51,0,0,0,0,128,128,51,128,0,0,0,0,0,0,51,0,51,0,0,51,0,0,0,0,51,0,0,0,0,0,0,0,0,0,0,0,0,51,0,0,0,128,0,0,0,0,0,0,0,0,0,128,51,51,0,51,0,0,0,0,0,0,0,0,0,51,0,0,0,0,0,0,0,0,0,51,51,0,0,0,0,0,0,0,0,0,0,51,0
"Mongo",0,0,0,0,0,0,0,0,0,0,0,0,0,0,0,0,4,4,0,0,0,0,0,0,0,0,4,0,0,0,0,0,0,4,0,0,0,0,4,4,0,4,0,0,0,0,0,0,0,0,0,0,0,4,0,0,0,0,4,0,4,0,0,0,0,4,0,0,0,0,0,4,0,0,0,0,4,4,0,0,0,0,0,0,4,4,4,0,0,4,0,0,0,0,0,0,0,0,0,0,0,0,0,0,0,4,0,0,0,4,0,0,0,0,0,0,0,0,0,0,0,0,0
"Mongolian",0,0,0,0,0,0,0,0,0,0,0,0,0,0,0,0,4,4,0,0,0,0,0,0,0,0,4,0,0,0,0,0,0,4,0,0,0,0,4,4,0,4,0,0,0,0,0,0,0,0,0,0,0,4,0,0,0,0,4,0,4,0,0,0,0,4,0,0,0,0,0,4,0,0,0,0,4,4,0,0,0,0,0,0,4,4,4,0,0,4,0,0,0,0,0,0,0,0,0,0,0,0,0,0,0,4,0,0,0,4,0,0,0,0,0,0,0,0,0,0,0,0,0
"Nahuatl",0,0,0,0,0,0,0,0,0,0,0,0,0,0,0,0,52,52,0,0,0,0,0,0,0,0,0,0,0,0,0,0,0,0,0,0,0,0,52,0,0,52,0,0,0,0,0,0,0,0,52,0,0,0,0,52,0,0,0,0,0,0,0,0,0,0,0,0,0,0,0,0,0,0,0,0,0,0,52,0,0,0,0,0,52,52,0,0,0,0,52,0,0,0,52,0,0,0,0,0,0,52,0,0,0,0,0,0,0,0,0,0,0,0,0,0,0,0,0,0,0,0,0
"Neapolitan",0,0,0,0,0,0,0,0,0,0,0,0,0,0,0,0,0,0,0,0,0,0,0,0,0,0,0,0,0,0,0,0,0,1,0,0,0,0,0,0,0,0,0,0,0,0,0,0,0,0,0,0,0,0,0,0,0,0,0,0,0,0,0,0,0,0,0,0,0,0,0,0,0,0,0,0,0,0,0,1,0,0,0,0,0,0,0,0,0,0,0,0,0,0,0,0,0,0,0,0,0,0,0,0,0,0,0,0,0,1,0,0,0,0,0,0,0,0,0,0,0,0,0
"North American Indian",0,0,0,0,0,0,0,0,0,0,0,0,0,0,0,0,0,0,0,0,0,0,0,0,0,0,1146,0,0,0,0,0,0,226,1146,0,0,0,1299,1299,0,0,0,0,0,0,0,0,0,0,0,0,0,153,0,0,0,0,226,0,0,0,0,0,0,0,0,0,0,0,0,1146,0,0,0,0,0,0,0,0,1372,0,0,1146,0,1299,226,153,0,0,0,0,0,0,0,0,0,153,0,0,0,0,0,0,0,0,0,0,0,153,0,0,0,0,0,0,0,0,0,0,0,0,0
"Norwegian",0,0,0,0,0,0,0,0,0,0,0,0,0,335,4,0,0,156,0,0,0,0,0,1066,0,0,1010,0,0,0,0,4,0,514,414,87,0,0,1413,607,169,519,0,0,0,0,19,0,138,0,19,0,0,335,0,0,0,0,387,0,29,316,0,0,0,0,0,0,20,0,634,557,0,29,0,0,0,0,0,0,0,1702,0,0,156,1073,489,350,0,589,0,0,0,0,0,0,0,0,0,0,0,27,175,0,0,0,0,0,0,335,703,0,0,0,0,0,0,0,0,0,0,0,273
"Occitan",0,0,6,0,0,0,0,0,0,0,0,0,0,6,0,0,0,0,0,0,0,0,0,0,0,0,0,0,0,0,0,0,0,6,0,0,0,0,6,6,0,0,0,0,0,0,0,0,0,0,6,0,0,6,0,0,0,0,6,0,0,0,0,0,0,0,0,0,0,0,0,0,0,0,0,0,0,0,0,0,0,0,6,0,0,0,6,0,0,0,0,0,0,0,0,0,0,0,6,0,0,0,0,0,0,0,0,0,0,0,0,0,0,0,0,0,0,0,0,0,0,0,0
"Ojibwa",0,0,0,0,0,0,0,0,0,0,0,0,0,0,0,0,0,0,0,0,0,0,0,0,0,0,1146,0,0,0,0,0,0,0,1146,0,0,0,1146,1146,0,0,0,0,0,0,0,0,0,0,0,0,0,0,0,0,0,0,0,0,0,0,0,0,0,0,0,0,0,0,0,1146,0,0,0,0,0,0,0,0,1146,0,0,1146,0,1146,0,0,0,0,0,0,0,0,0,0,0,0,0,0,0,0,0,0,0,0,0,0,0,0,0,0,0,0,0,0,0,0,0,0,0,0,0
"Old Church Slavonic",0,89,40,0,0,1547,0,10686,147,14,204,14,0,186,437,0,58,51595,0,119,0,107,24,12311,35,0,30750,26,2,0,1289,14,0,5010,24417,79,41,25,51442,51296,20609,33974,0,0,112,0,11399,85,337,0,1416,92,33775,500,131,59,1,0,42509,0,43381,468,0,0,0,4,0,0,0,0,11854,37797,0,367,248,0,4,4,52,0,0,156,0,0,51595,51469,504,41951,33273,21821,6815,0,10,0,7281,0,681,186,0,0,0,23330,15597,0,110,1046,70,0,0,635,2245,0,0,0,0,0,0,0,0,0,0,3036,0
"Old English",4,181,77,13,0,3032,0,12564,165,14,1640,14,3,521,1585,0,1497,51469,17,137,0,120,93,44869,51,0,185213,31,2,6,2184,525,0,39091,178858,3098,384,50,250656,238960,102132,53575,0,0,1458,16,12657,137,1170,0,5775,690,39137,6060,540,78,7,46,94634,117,48243,5099,2,0,0,4,0,0,0,837,106211,142033,0,7087,329,128,4,4,52,0,1299,1073,0,1146,51469,274531,22136,161477,37245,156225,7958,56,10,0,8701,1,1008,917,174,194,17,24469,23489,656,124,2918,70,27,0,6221,30195,0,0,0,0,0,0,97,16,0,0,6451,376
"Old French",4,27,276,130,0,150,0,223,18,0,72,0,0,748,348,0,515,504,18,5,3,30,2,1219,0,1,15518,23,0,0,0,13,0,42904,13420,1079,42,1,20437,18256,875,4253,0,8,573,0,65,37,255,0,930,1,538,7570,8,0,0,0,37434,4,1114,199,0,0,0,4,0,0,0,56,1479,20099,0,296,230,51,4,4,0,0,226,489,6,0,504,22136,42904,1930,339,14974,49,205,0,77,164,2,60,1900,578,597,17,336,693,10,26,506,0,0,0,7153,1488,1,0,0,0,0,6,38,0,36,1,318,0
"Old High German",0,172,48,7,0,2851,0,4422,147,14,1593,14,2,2,1382,0,1032,41951,0,119,0,45,74,28220,51,0,126721,27,2,0,1845,506,0,14572,123648,2230,349,25,162000,157605,60287,42025,0,0,1020,16,10414,128,792,0,3627,650,35398,2231,354,26,1,0,54403,115,40865,1922,0,0,0,0,0,0,0,837,89907,84220,0,2937,233,51,0,0,0,0,153,350,0,0,41951,161477,1930,162000,34782,100594,5751,14,10,0,6386,0,809,331,33,146,0,23907,16766,646,118,2734,70,27,0,2999,16722,0,0,0,0,0,0,91,7,0,0,5217,90
"Old Irish",0,96,43,0,0,1172,0,3977,0,14,319,14,0,0,842,0,0,33273,0,120,0,0,50,7225,35,0,17839,0,0,0,838,0,0,494,18176,784,275,25,37207,37114,8471,29605,0,0,39,0,7865,0,4,0,158,0,37437,122,131,0,0,0,33830,50,32852,152,0,0,0,0,0,5,0,21,7633,34607,0,5,274,0,0,0,0,0,0,0,0,0,33273,37245,339,34782,37437,13055,2224,0,0,0,2687,0,378,35,5,0,0,20162,6208,0,25,921,70,0,0,122,3046,0,0,0,0,0,0,0,0,0,0,4526,0
"Old Norse",0,152,48,0,0,2546,0,9364,165,14,440,14,2,186,1134,0,982,21821,0,119,0,46,75,38123,35,0,124277,0,2,6,1198,119,0,28379,125900,2763,388,25,156005,152824,76823,19068,0,0,628,16,12282,128,1023,0,4423,684,14437,1881,367,26,1,46,52274,51,19851,3593,0,0,0,4,0,0,0,33,70020,71246,0,3328,294,51,4,4,0,0,0,589,0,0,21821,156225,14974,100594,13055,157987,7841,14,10,0,8056,0,825,244,38,88,0,5821,18579,645,110,2749,70,27,0,3001,27241,0,0,0,0,0,0,91,0,0,0,4546,139
"Old Persian",0,55,0,6,0,0,0,2492,0,0,0,0,0,0,0,0,657,6815,0,0,0,6,0,4524,0,0,7856,0,0,0,0,0,0,110,7837,0,0,0,7941,7477,7838,3708,0,0,0,0,6376,6,0,0,110,6,2251,88,0,52,0,0,3250,0,6519,8,0,0,0,0,0,0,0,0,631,2284,0,0,4,0,0,0,52,0,0,0,0,0,6815,7958,49,5751,2224,7841,7985,0,0,0,7985,0,6,0,0,0,0,157,7192,0,0,0,0,0,0,88,24,0,0,0,0,0,0,6,0,0,0,26,0
"Old Provençal",0,0,0,0,0,0,0,0,0,0,0,0,0,0,4,0,0,0,2,0,0,0,0,2,0,0,4,2,0,0,0,0,0,214,0,3,0,0,56,45,0,16,0,0,0,0,0,0,0,0,7,0,0,72,0,0,0,0,161,0,0,0,0,0,0,0,0,0,0,0,2,117,0,0,0,0,0,0,0,0,0,0,0,0,0,56,205,14,0,14,0,214,0,0,0,0,0,10,214,0,0,0,0,0,0,0,0,0,0,38,0,0,0,0,0,0,0,0,0,0,0,0,0
"Ossetian",0,0,0,0,0,0,0,0,0,0,0,0,0,0,0,0,0,10,0,0,0,0,0,10,0,0,10,0,0,0,0,0,0,0,0,0,0,0,10,10,0,0,0,0,0,0,0,0,10,0,0,0,0,0,0,0,0,0,10,0,10,0,0,0,0,0,0,0,0,0,10,0,0,0,0,0,0,0,0,0,0,0,0,0,10,10,0,10,0,10,0,0,10,0,0,0,0,0,0,0,0,10,10,0,0,0,0,0,0,0,10,0,0,0,0,0,0,0,0,0,0,0,0
"Pali",0,0,0,0,0,0,0,0,0,0,0,0,0,0,0,0,0,0,0,0,0,0,0,0,0,0,0,0,0,0,0,0,0,77,0,0,0,0,0,0,0,0,0,0,0,0,0,0,0,0,0,0,0,77,0,0,0,0,77,0,0,0,0,0,0,0,0,0,0,0,0,77,0,0,0,0,0,0,0,0,0,0,0,0,0,0,77,0,0,0,0,0,0,77,0,0,0,0,0,0,0,0,0,0,0,0,0,0,0,77,0,0,0,0,0,0,0,0,0,0,0,0,0
"Persian",0,57,14,6,0,204,0,2782,0,0,131,0,0,5,131,0,665,7281,0,0,0,6,0,4896,0,0,8522,0,0,0,0,0,0,241,8293,0,0,0,8621,8146,8336,4378,0,0,1,0,6547,40,33,0,144,7,2728,134,131,52,0,0,3948,0,7083,50,0,8,0,0,8,0,0,0,958,2728,0,14,4,0,0,0,52,0,0,0,0,0,7281,8701,164,6386,2687,8056,7985,0,0,0,8751,0,9,42,5,0,0,340,7896,0,1,34,0,0,0,137,265,0,0,0,0,0,0,54,0,0,0,487,0
"Phoenician",0,0,0,0,0,0,0,0,0,0,0,0,0,0,0,0,0,0,1,0,0,0,0,0,0,0,0,1,0,0,0,0,0,3,0,0,0,0,0,0,0,1,0,0,2,0,0,0,0,0,0,0,0,0,0,0,0,0,3,0,0,0,0,0,0,0,0,0,0,0,0,2,0,0,0,0,0,0,0,0,0,0,0,0,0,1,2,0,0,0,0,0,0,0,0,4,0,0,0,0,0,0,0,0,2,0,0,0,0,1,0,0,0,0,0,0,0,0,0,0,0,0,0
"Polish",0,30,48,6,0,230,0,240,147,14,28,14,0,0,269,0,0,681,16,119,0,90,37,412,0,0,965,0,0,0,14,14,0,151,767,42,42,25,1045,1000,646,439,0,0,41,0,25,18,0,0,217,40,484,165,0,7,0,0,430,0,661,12,0,0,0,0,0,0,0,2,809,359,0,18,34,0,0,0,0,0,0,0,0,0,681,1008,60,809,378,825,6,0,0,0,9,0,1054,1,0,0,0,877,319,0,25,569,0,0,0,206,239,0,0,0,0,0,0,6,0,0,0,71,0
"Portuguese",0,0,9,0,2,0,0,0,0,0,15,0,2,376,18,0,8,186,0,0,0,0,0,142,0,2,559,10,0,0,0,0,0,1961,35,190,0,0,1052,514,34,403,2,0,11,2,0,35,186,0,245,0,49,1842,2,0,0,0,1918,0,222,0,0,10,2,0,8,0,0,0,2,721,0,9,13,0,0,0,0,0,153,0,0,0,186,917,1900,331,35,244,0,10,0,0,42,0,1,1968,51,423,0,195,36,0,0,457,0,0,0,1965,32,0,2,2,2,0,0,42,0,0,0,16,0
"Provençal",0,0,15,0,0,0,0,0,0,0,0,0,0,67,6,0,0,0,2,0,0,0,0,2,0,0,238,3,0,0,0,0,0,651,0,5,0,0,331,309,17,125,0,0,99,0,5,0,0,0,13,0,5,505,0,0,0,0,570,0,0,0,0,0,0,0,0,0,0,0,181,137,0,179,0,0,0,0,0,0,0,0,6,0,0,174,578,33,5,38,0,214,0,0,5,0,0,51,652,0,0,0,5,0,0,0,0,0,0,427,0,0,0,0,0,0,0,2,0,0,0,5,0
"Romance",0,2,0,0,0,0,0,0,0,0,0,0,0,0,87,0,0,0,0,0,0,0,0,115,0,0,31,0,0,0,1,0,0,607,31,68,0,0,193,193,72,73,0,0,1,0,0,0,51,0,51,0,0,486,0,0,0,0,668,66,2,65,0,0,0,0,0,0,0,0,30,204,0,64,0,51,0,0,0,0,0,0,0,0,0,194,597,146,0,88,0,0,0,0,0,0,0,423,0,692,0,2,64,0,0,487,0,0,0,503,115,0,0,0,0,0,0,0,0,0,0,51,0
"Romanian",0,0,0,0,0,0,0,0,0,0,0,0,0,0,0,0,0,0,0,0,0,0,0,0,0,0,0,0,0,0,0,0,0,17,17,0,0,0,17,0,0,0,0,0,0,0,0,0,0,0,17,0,0,17,0,0,0,0,17,0,0,0,0,0,0,0,0,0,0,0,0,0,0,0,0,0,0,0,0,0,0,0,0,0,0,17,17,0,0,0,0,0,0,0,0,0,0,0,0,0,17,17,0,0,0,0,0,0,0,17,17,0,0,0,0,0,0,0,0,0,0,0,0
"Russian",0,138,84,6,0,1029,0,2170,147,14,17,14,2,186,293,0,62,23330,16,119,0,36,93,1607,0,0,5879,0,0,0,461,0,0,505,5111,41,41,25,24541,24283,5107,21801,0,0,42,0,285,100,196,0,672,91,20305,428,0,59,0,0,22291,54,21729,146,0,8,0,0,8,0,0,0,3575,21262,0,382,166,0,0,0,52,0,0,27,0,0,23330,24469,336,23907,20162,5821,157,0,10,0,340,0,877,195,0,2,17,24569,3916,0,111,937,70,0,0,524,563,0,0,0,0,0,0,15,0,0,0,1048,0
"Sanskrit",0,96,1,0,0,2436,0,8393,0,0,278,0,0,0,245,0,605,15597,0,0,0,62,13,7374,35,1,20900,0,0,0,5,47,0,4072,18938,52,0,0,23517,23232,21326,12591,0,0,80,17,7672,34,184,0,953,34,6401,349,131,7,0,0,13776,65,12181,1270,0,0,0,0,0,0,0,21,10420,11001,0,138,202,0,0,0,0,0,0,175,0,0,15597,23489,693,16766,6208,18579,7192,0,10,0,7896,0,319,36,5,64,0,3916,23972,0,3,1068,70,0,0,411,1816,0,0,0,0,1,0,35,33,0,0,2832,0
"Scots",0,0,0,0,0,0,0,0,0,0,0,0,0,0,0,0,0,0,0,0,0,0,0,5,0,0,646,0,0,0,0,0,0,651,646,0,0,0,659,656,641,641,0,0,0,0,0,0,0,0,641,0,0,0,0,0,0,0,641,0,0,0,0,0,0,0,0,0,0,0,1,15,0,0,0,0,0,0,0,0,0,0,0,0,0,656,10,646,0,645,0,0,0,0,0,0,0,0,0,0,0,0,0,659,0,0,0,0,0,0,5,0,0,0,0,0,0,0,0,0,0,0,0
"Semitic",4,25,30,8,0,26,0,0,0,0,0,0,0,0,0,0,0,110,0,0,0,0,0,85,0,0,110,1,0,0,85,0,0,31,110,25,25,26,118,110,85,132,0,0,47,0,26,85,0,0,112,85,25,13,0,0,0,0,141,0,25,0,0,0,0,0,0,0,0,0,85,99,0,0,0,0,0,0,0,0,0,0,0,0,110,124,26,118,25,110,0,0,0,0,1,2,25,0,0,0,0,111,3,0,145,85,0,0,0,12,0,0,0,0,0,0,0,1,0,0,0,25,0
"Slavic",0,9,23,0,0,778,0,14,147,14,14,14,2,0,337,0,4,1046,0,119,0,108,20,1098,0,0,2637,26,0,0,103,0,0,689,2510,92,14,0,2927,2901,2299,1561,0,0,0,0,51,128,0,0,251,85,1019,561,0,7,0,0,2370,65,2248,90,0,0,0,4,0,0,0,0,1754,2402,2,64,34,0,4,4,0,0,0,0,0,0,1046,2918,506,2734,921,2749,0,0,0,0,34,0,569,457,0,487,0,937,1068,0,85,3358,0,0,0,621,1534,0,0,0,0,0,0,34,0,0,0,806,0
"Slovak",0,0,0,0,0,0,0,0,0,0,0,0,0,0,0,0,0,70,0,0,0,0,0,0,0,0,70,0,0,0,0,0,0,0,70,0,0,0,70,70,70,70,0,0,0,0,0,0,0,0,0,0,70,0,0,0,0,0,70,0,70,70,0,0,0,0,0,0,0,0,70,70,0,0,0,0,0,0,0,0,0,0,0,0,70,70,0,70,70,70,0,0,0,0,0,0,0,0,0,0,0,70,70,0,0,0,70,0,0,0,0,0,0,0,0,0,0,0,0,0,0,70,0
"Slovenian",0,0,0,0,0,0,0,0,0,0,0,0,0,0,0,0,0,0,0,0,0,0,0,27,0,0,27,0,0,0,0,0,0,0,27,0,0,0,27,27,0,0,0,0,0,0,0,0,0,0,0,0,0,0,0,0,0,0,27,0,0,0,0,0,0,0,0,0,0,0,27,0,0,0,0,0,0,0,0,0,0,0,0,0,0,27,0,27,0,27,0,0,0,0,0,0,0,0,0,0,0,0,0,0,0,0,0,27,0,0,0,0,0,0,0,0,0,0,0,0,0,0,0
"Somali",0,0,0,0,0,0,0,0,0,0,0,0,0,0,0,0,0,0,0,0,10,0,0,0,0,0,0,0,0,0,0,0,0,0,0,0,0,0,0,0,0,0,0,0,0,0,0,0,0,0,0,0,0,0,0,0,0,0,0,0,0,0,0,0,0,0,0,0,0,0,0,0,0,0,0,0,0,0,0,0,0,0,0,0,0,0,0,0,0,0,0,0,0,0,0,0,0,0,0,0,0,0,0,0,0,0,0,0,10,0,0,0,0,0,0,0,0,0,0,0,0,0,0
"Spanish",0,60,289,13,2,43,0,227,0,14,34,14,2,793,109,0,12,635,17,0,0,71,0,1899,0,0,4221,37,0,0,302,0,0,9870,2328,385,36,0,6172,4568,779,2097,2,0,824,0,0,53,901,0,957,293,211,8212,2,0,0,0,9084,0,605,100,2,8,0,4,8,0,0,0,2943,3258,2,304,29,51,4,4,0,1,153,335,0,0,635,6221,7153,2999,122,3001,88,38,0,77,137,1,206,1965,427,503,17,524,411,0,12,621,0,0,0,10418,676,0,2,0,0,0,0,48,0,0,0,284,0
"Swedish",0,11,0,6,0,998,0,423,0,0,67,0,0,23,196,0,0,2245,16,0,0,6,0,20014,0,0,18520,0,2,0,1289,11,0,2330,15055,450,239,0,30621,29750,12269,4773,0,0,27,0,212,6,243,0,937,293,3429,821,2,7,0,0,6619,64,3564,1857,0,0,0,0,0,0,0,0,10043,11306,0,272,4,51,0,0,0,0,0,703,0,0,2245,30195,1488,16722,3046,27241,24,0,10,0,265,0,239,32,0,115,17,563,1816,5,0,1534,0,0,0,676,30942,0,0,0,0,0,0,63,0,0,0,2615,3
"Syriac",0,0,0,0,0,0,0,0,0,0,0,0,0,0,0,0,0,0,0,0,0,0,0,0,0,0,0,0,0,0,0,0,0,1,0,0,0,0,0,0,0,1,0,0,1,0,0,0,0,0,0,0,0,0,0,0,0,0,1,0,0,0,0,0,0,0,0,0,0,0,0,0,0,0,0,0,0,0,0,0,0,0,0,0,0,0,1,0,0,0,0,0,0,0,0,0,0,0,0,0,0,0,0,0,0,0,0,0,0,0,0,1,0,0,0,0,0,0,0,0,0,0,0
"Tai",0,0,0,0,2,0,0,0,0,0,2,0,2,0,0,0,0,0,0,0,0,0,0,0,0,0,0,0,0,0,0,0,0,2,0,0,0,0,2,0,0,0,2,0,0,0,0,0,0,0,0,0,0,0,0,0,0,0,0,0,0,0,0,0,0,0,0,0,0,0,0,0,0,0,0,0,0,0,0,0,0,0,0,0,0,0,0,0,0,0,0,0,0,0,0,0,0,2,0,0,0,0,0,0,0,0,0,0,0,2,0,0,2,0,0,0,0,0,0,0,0,0,0
"Tamil",0,0,0,0,0,0,0,0,0,0,0,0,0,0,0,0,0,0,0,0,0,0,0,0,0,2,0,0,0,0,0,0,0,0,0,0,0,0,0,0,0,0,0,0,0,2,0,0,0,0,0,0,0,0,0,0,0,0,0,0,0,0,0,2,2,0,0,0,0,0,0,0,0,0,0,0,0,0,0,0,0,0,0,0,0,0,0,0,0,0,0,0,0,0,0,0,0,2,0,0,0,0,0,0,0,0,0,0,0,0,0,0,0,2,2,0,0,0,0,0,0,0,0
"Telugu",0,0,0,0,0,0,0,0,0,0,0,0,0,0,0,0,0,0,0,0,0,0,0,0,0,2,0,0,0,0,0,0,0,0,0,0,0,0,0,0,0,0,0,0,0,2,0,0,0,0,0,0,0,0,0,0,0,0,0,0,0,0,0,2,2,0,0,0,0,0,0,0,0,0,0,0,0,0,0,0,0,0,0,0,0,0,0,0,0,0,0,0,0,0,0,0,0,2,0,0,0,0,0,0,0,0,0,0,0,0,0,0,0,2,2,0,0,0,0,0,0,0,0
"Thai",0,0,0,0,0,0,0,0,0,0,0,0,0,0,0,0,0,0,0,0,0,0,0,0,0,0,0,0,0,0,0,0,0,0,0,0,0,0,0,0,0,0,0,0,0,0,0,0,0,0,0,0,0,0,0,0,0,0,0,0,0,0,0,0,0,0,0,0,0,0,0,0,0,0,0,0,0,0,0,0,0,0,0,0,0,0,0,0,0,0,0,0,0,0,0,0,0,0,0,0,0,0,1,0,0,0,0,0,0,0,0,0,0,0,0,1,0,0,0,0,0,0,0
"Tibetan",0,0,0,0,0,0,0,0,0,0,0,0,0,0,0,0,0,0,0,0,0,0,0,0,0,0,0,0,0,0,0,0,0,6,0,0,0,0,0,0,0,0,0,0,0,0,0,0,0,0,0,0,0,0,0,0,0,0,6,0,0,0,0,0,0,0,0,0,0,0,0,6,0,0,0,0,0,0,0,0,0,0,0,0,0,0,6,0,0,0,0,0,0,0,0,0,0,0,0,0,0,0,0,0,0,0,0,0,0,0,0,0,0,0,0,0,6,0,0,0,0,0,0
"Turkish",0,0,9,6,0,0,0,0,0,0,0,0,0,0,0,0,8,0,0,0,0,6,0,34,0,0,105,0,0,0,0,0,0,59,34,0,0,0,105,91,34,111,0,0,1,0,0,40,0,0,34,6,6,47,0,0,0,0,103,0,6,0,0,8,0,0,8,0,0,0,57,91,0,57,0,0,0,0,0,0,0,0,0,0,0,97,38,91,0,91,6,0,0,0,54,0,6,42,2,0,0,15,35,0,1,34,0,0,0,48,63,0,0,0,0,0,0,116,0,0,0,6,0
"Twi",0,0,0,0,0,0,0,0,0,0,0,0,0,0,0,0,0,0,0,0,0,0,0,0,0,0,40,0,0,0,0,33,0,0,0,0,0,0,49,7,0,0,0,0,0,0,0,0,0,0,0,0,0,0,0,0,0,0,0,0,0,7,0,0,0,0,0,0,0,0,0,2,0,42,0,0,0,0,0,0,0,0,0,0,0,16,0,7,0,0,0,0,0,0,0,0,0,0,0,0,0,0,33,0,0,0,0,0,0,0,0,0,0,0,0,0,0,0,78,0,0,0,0
"Vai",0,0,0,0,0,0,0,0,0,0,0,0,0,0,0,0,0,0,0,0,0,0,0,0,0,0,0,0,0,0,0,0,0,36,0,0,0,0,0,0,0,0,0,0,0,0,0,0,0,0,0,0,0,0,0,0,0,0,36,0,0,0,0,0,0,0,0,0,0,0,0,0,0,0,0,0,0,0,0,0,0,0,0,0,0,0,36,0,0,0,0,0,0,0,0,0,0,0,0,0,0,0,0,0,0,0,0,0,0,0,0,0,0,0,0,0,0,0,0,36,0,0,0
"Walloon",0,0,0,0,0,0,0,0,0,0,0,0,0,0,0,0,0,0,0,0,0,0,0,0,0,0,11,0,0,0,0,11,0,13,0,11,0,0,11,11,0,1,0,0,0,0,0,0,0,0,0,0,0,0,0,0,0,0,2,0,0,0,0,0,0,0,0,0,0,0,11,0,0,0,0,0,0,0,0,0,0,0,0,0,0,0,1,0,0,0,0,0,0,0,0,0,0,0,0,0,0,0,0,0,0,0,0,0,0,0,0,0,0,0,0,0,0,0,0,0,13,0,0
