"","Ancient Greek","Arabic","Armenian","Avestan","Catalan","Celtic","Chinese","Church Slavonic","Danish","Dutch","Egyptian","Finnish","French","Frisian","Ga","German","Germanic","Gothic","Greek","Hebrew","Hittite","Icelandic","Indic","Indo-European","Irish","Italian","Japanese","Latin","Lithuanian","Low German","Mari","Mende","Middle Dutch","Middle English","Middle High German","Middle Irish","Modern Greek","North American Indian","Norwegian","Ojibwa","Old Church Slavonic","Old English","Old French","Old High German","Old Irish","Old Norse","Old Persian","Old Provençal","Persian","Portuguese","Provençal","Russian","Sanskrit","Scots","Slavic","Spanish","Swedish","Welsh","Yiddish"
"Ancient Greek",1,0,0,0,0,0,0,0,0,0,0,0,1,0,0,0,0,0,1,0,0,0,0,0,0,0,0,1,0,0,0,0,0,0,0,0,0,0,0,0,0,0,0,0,0,0,0,0,0,0,0,0,0,0,0,0,0,0,0
"Arabic",0,3,0,0,0,0,0,0,0,0,1,0,3,0,0,0,0,0,1,0,0,0,0,0,0,2,0,3,0,0,0,0,0,0,0,0,0,0,0,0,0,0,3,0,0,0,0,0,0,0,0,0,0,0,0,2,0,0,0
"Armenian",0,0,26,3,0,0,0,4,23,26,0,0,0,26,0,26,26,25,25,0,0,0,0,1,22,0,0,25,23,0,0,0,4,26,0,0,0,0,0,0,4,26,0,26,22,25,0,0,0,0,0,3,26,0,22,0,22,22,0
"Avestan",0,0,3,57,0,0,0,46,0,50,0,0,24,18,0,53,52,51,31,0,8,0,0,0,14,0,0,54,25,0,0,0,26,36,0,0,0,0,0,0,46,53,5,13,14,40,8,0,8,0,0,4,40,0,0,0,0,6,0
"Catalan",0,0,0,0,3,0,0,0,2,2,0,0,3,0,0,2,0,0,2,0,0,0,0,0,0,3,0,3,0,0,0,0,2,0,0,0,0,0,2,0,0,2,3,0,0,0,0,0,0,1,1,0,0,0,0,3,0,0,0
"Celtic",0,0,0,0,0,1,0,0,0,1,0,0,0,1,0,1,1,1,0,0,0,0,0,0,0,0,0,0,0,0,0,0,1,0,0,0,0,0,0,0,0,1,0,1,0,0,0,0,0,0,0,0,0,0,0,0,0,1,0
"Chinese",0,0,0,0,0,0,4,0,0,0,0,0,0,4,0,4,4,4,0,0,0,0,0,0,0,0,0,0,0,0,0,0,0,4,0,0,0,0,0,0,0,4,0,4,0,4,0,0,0,0,0,0,0,0,0,0,0,0,0
"Church Slavonic",0,0,4,46,0,0,0,378,55,178,0,0,33,146,6,369,368,112,286,6,60,0,0,11,268,1,0,324,329,0,0,0,41,287,0,0,0,0,0,0,378,372,8,329,258,107,51,0,54,0,0,191,86,0,0,1,4,7,0
"Danish",0,0,23,0,2,0,0,55,220,180,0,0,4,165,0,216,202,147,47,0,52,0,0,9,33,4,0,70,80,0,0,0,76,101,0,0,0,0,3,0,55,216,4,151,33,174,43,0,46,1,0,4,70,0,22,4,92,25,1
"Dutch",0,0,26,50,2,1,0,178,180,1068,0,2,223,980,5,1062,1021,531,155,0,60,4,0,18,114,6,0,417,179,7,7,0,461,713,9,0,0,5,2,5,178,1061,193,598,104,766,54,0,58,3,0,9,114,1,26,10,135,35,0
"Egyptian",0,1,0,0,0,0,0,0,0,0,1,0,1,0,0,0,0,0,1,0,0,0,0,0,0,0,0,1,0,0,0,0,0,0,0,0,0,0,0,0,0,0,1,0,0,0,0,0,0,0,0,0,0,0,0,0,0,0,0
"Finnish",0,0,0,0,0,0,0,0,0,2,0,2,0,2,0,2,2,2,2,0,0,0,0,2,0,0,0,0,0,0,0,0,2,2,0,0,0,0,0,0,0,2,0,2,0,2,0,0,0,0,0,0,2,0,0,0,2,2,0
"French",1,3,0,24,3,0,0,33,4,223,1,0,938,194,18,278,235,52,125,14,3,4,0,1,11,76,0,853,11,0,1,0,29,324,0,1,0,0,2,0,33,314,780,33,10,214,0,3,0,17,6,2,34,1,0,58,2,11,0
"Frisian",0,0,26,18,0,1,4,146,165,980,0,2,194,1038,6,1034,1014,541,145,0,64,4,0,19,118,3,0,413,164,5,7,0,417,684,10,0,0,5,0,5,146,1038,188,595,108,781,54,0,58,0,0,9,98,1,26,6,124,35,0
"Ga",0,0,0,0,0,0,0,6,0,5,0,0,18,6,23,6,6,5,6,6,0,0,0,0,0,2,0,17,0,1,1,0,3,8,0,0,0,0,0,0,6,6,18,4,0,4,0,0,0,0,0,0,0,0,0,1,0,0,0
"German",0,0,26,53,2,1,4,369,216,1062,0,2,278,1034,6,1492,1367,619,351,0,64,4,0,23,310,14,3,722,365,8,7,0,455,948,42,1,1,5,3,5,369,1454,237,850,299,885,54,0,58,3,0,193,125,1,26,17,163,45,1
"Germanic",0,0,26,52,0,1,4,368,202,1021,0,2,235,1014,6,1367,1367,597,340,0,64,4,0,23,299,4,3,646,362,8,7,0,434,910,14,0,1,5,0,5,368,1362,197,814,289,863,51,0,55,0,0,190,123,1,26,7,160,35,0
"Gothic",0,0,25,51,0,1,4,112,147,531,0,2,52,541,5,619,597,650,123,0,58,0,0,17,54,2,0,209,117,5,0,0,227,391,5,0,0,0,0,0,112,650,31,356,44,473,54,0,57,0,0,9,115,1,26,1,122,35,0
"Greek",1,1,25,31,2,0,0,286,47,155,1,2,125,145,6,351,340,123,507,6,15,0,0,17,292,19,0,489,298,0,0,0,38,329,5,0,1,0,2,0,286,385,95,320,281,86,11,0,15,1,0,203,56,1,22,14,42,32,0
"Hebrew",0,0,0,0,0,0,0,6,0,0,0,0,14,0,6,0,0,0,6,14,0,0,0,0,0,0,0,14,8,0,0,0,0,6,0,0,0,0,0,0,6,0,14,0,0,0,0,0,0,0,0,0,0,0,0,0,0,0,0
"Hittite",0,0,0,8,0,0,0,60,52,60,0,0,3,64,0,64,64,58,15,0,67,0,0,0,21,0,0,24,60,0,0,0,9,21,0,0,0,0,0,0,60,64,3,56,21,61,51,0,54,0,0,3,61,0,0,0,3,3,0
"Icelandic",0,0,0,0,0,0,0,0,0,4,0,0,4,4,0,4,4,0,0,0,0,4,0,0,0,0,0,4,0,0,0,0,4,0,0,0,0,0,0,0,0,4,0,4,0,4,0,0,0,0,0,0,0,0,0,4,0,0,0
"Indic",0,0,0,0,0,0,0,0,0,0,0,0,0,0,0,0,0,0,0,0,0,0,1,0,0,0,0,1,0,0,0,0,0,0,0,0,0,0,0,0,0,0,0,0,0,0,0,0,0,0,0,0,0,0,0,0,0,0,0
"Indo-European",0,0,1,0,0,0,0,11,9,18,0,2,1,19,0,23,23,17,17,0,0,0,0,23,10,0,0,12,11,1,0,0,6,11,0,0,0,0,0,0,11,23,0,18,0,20,0,0,0,0,0,0,4,1,0,0,6,2,0
"Irish",0,0,22,14,0,0,0,268,33,114,0,0,11,118,0,310,299,54,292,0,21,0,0,10,312,0,0,306,290,0,0,0,15,287,0,2,0,0,0,0,268,311,11,302,299,59,8,0,11,0,0,186,41,0,22,0,26,40,0
"Italian",0,2,0,0,3,0,0,1,4,6,0,0,76,3,2,14,4,2,19,0,0,0,0,0,0,87,0,78,0,1,0,0,3,19,0,0,0,0,2,0,1,23,62,2,0,0,0,3,0,17,6,0,1,0,0,57,2,0,0
"Japanese",0,0,0,0,0,0,0,0,0,0,0,0,0,0,0,3,3,0,0,0,0,0,0,0,0,0,5,0,0,0,0,0,0,0,0,0,0,0,0,0,0,3,0,0,0,0,0,0,0,0,0,0,0,0,0,0,0,0,0
"Latin",1,3,25,54,3,0,0,324,70,417,1,0,853,413,17,722,646,209,489,14,24,4,1,12,306,78,0,1486,325,0,8,0,89,640,33,2,0,0,2,0,324,763,721,398,294,360,8,3,12,17,6,206,89,1,22,61,47,40,0
"Lithuanian",0,0,23,25,0,0,0,329,80,179,0,0,11,164,0,365,362,117,298,8,60,0,0,11,290,0,0,325,375,0,0,0,24,288,0,1,0,0,0,0,329,366,11,342,279,105,51,0,55,0,0,186,85,0,26,0,34,27,0
"Low German",0,0,0,0,0,0,0,0,0,7,0,0,0,5,1,8,8,5,0,0,0,0,0,1,0,1,0,0,0,8,0,0,5,4,2,0,0,0,0,0,0,8,0,1,0,3,0,0,0,0,0,0,1,0,0,0,2,0,0
"Mari",0,0,0,0,0,0,0,0,0,7,0,0,1,7,1,7,7,0,0,0,0,0,0,0,0,0,0,8,0,0,8,0,7,0,0,0,0,0,0,0,0,7,1,7,0,0,0,0,0,0,0,0,0,0,0,0,0,0,0
"Mende",0,0,0,0,0,0,0,0,0,0,0,0,0,0,0,0,0,0,0,0,0,0,0,0,0,0,0,0,0,0,0,2,0,0,0,0,0,0,0,0,0,0,0,0,0,0,0,0,0,0,0,0,0,0,0,0,0,0,0
"Middle Dutch",0,0,4,26,2,1,0,41,76,461,0,2,29,417,3,455,434,227,38,0,9,4,0,6,15,3,0,89,24,5,7,0,461,253,9,0,0,0,2,0,41,459,3,361,15,325,0,0,4,0,0,8,35,0,4,7,96,10,0
"Middle English",0,0,26,36,0,0,4,287,101,713,0,2,324,684,8,948,910,391,329,6,21,0,0,11,287,19,0,640,288,4,0,0,253,1125,6,0,0,5,0,5,287,972,292,486,287,515,8,0,12,2,0,188,76,0,26,12,110,30,0
"Middle High German",0,0,0,0,0,0,0,0,0,9,0,0,0,10,0,42,14,5,5,0,0,0,0,0,0,0,0,33,0,2,0,0,9,6,42,0,0,0,0,0,0,42,0,5,0,7,0,0,0,0,0,0,0,0,0,0,0,0,0
"Middle Irish",0,0,0,0,0,0,0,0,0,0,0,0,1,0,0,1,0,0,0,0,0,0,0,0,2,0,0,2,1,0,0,0,0,0,0,2,0,0,0,0,0,1,1,1,0,0,0,0,0,0,0,0,1,0,0,0,0,0,0
"Modern Greek",0,0,0,0,0,0,0,0,0,0,0,0,0,0,0,1,1,0,1,0,0,0,0,0,0,0,0,0,0,0,0,0,0,0,0,0,1,0,0,0,0,1,0,0,0,0,0,0,0,0,0,0,0,0,0,0,0,0,0
"North American Indian",0,0,0,0,0,0,0,0,0,5,0,0,0,5,0,5,5,0,0,0,0,0,0,0,0,0,0,0,0,0,0,0,0,5,0,0,0,5,0,5,0,5,0,0,0,0,0,0,0,0,0,0,0,0,0,0,0,0,0
"Norwegian",0,0,0,0,2,0,0,0,3,2,0,0,2,0,0,3,0,0,2,0,0,0,0,0,0,2,0,2,0,0,0,0,2,0,0,0,0,0,3,0,0,2,2,0,0,0,0,0,0,0,0,0,0,0,0,2,0,0,1
"Ojibwa",0,0,0,0,0,0,0,0,0,5,0,0,0,5,0,5,5,0,0,0,0,0,0,0,0,0,0,0,0,0,0,0,0,5,0,0,0,5,0,5,0,5,0,0,0,0,0,0,0,0,0,0,0,0,0,0,0,0,0
"Old Church Slavonic",0,0,4,46,0,0,0,378,55,178,0,0,33,146,6,369,368,112,286,6,60,0,0,11,268,1,0,324,329,0,0,0,41,287,0,0,0,0,0,0,378,372,8,329,258,107,51,0,54,0,0,191,86,0,0,1,4,7,0
"Old English",0,0,26,53,2,1,4,372,216,1061,0,2,314,1038,6,1454,1362,650,385,0,64,4,0,23,311,23,3,763,366,8,7,0,459,972,42,1,1,5,2,5,372,1605,273,847,299,890,54,0,58,4,0,191,127,1,26,22,162,46,2
"Old French",0,3,0,5,3,0,0,8,4,193,1,0,780,188,18,237,197,31,95,14,3,0,0,0,11,62,0,721,11,0,1,0,3,292,0,1,0,0,2,0,8,273,780,15,10,187,0,3,0,17,6,2,14,0,0,50,2,11,0
"Old High German",0,0,26,13,0,1,4,329,151,598,0,2,33,595,4,850,814,356,320,0,56,4,0,18,302,2,0,398,342,1,7,0,361,486,5,1,0,0,0,0,329,847,15,850,291,509,46,0,50,0,0,191,95,1,26,6,131,45,0
"Old Irish",0,0,22,14,0,0,0,258,33,104,0,0,10,108,0,299,289,44,281,0,21,0,0,0,299,0,0,294,279,0,0,0,15,287,0,0,0,0,0,0,258,299,10,291,299,49,8,0,11,0,0,186,40,0,22,0,26,39,0
"Old Norse",0,0,25,40,0,0,4,107,174,766,0,2,214,781,4,885,863,473,86,0,61,4,0,20,59,0,0,360,105,3,0,0,325,515,7,0,0,0,0,0,107,890,187,509,49,891,54,0,54,0,0,6,114,1,26,4,148,32,0
"Old Persian",0,0,0,8,0,0,0,51,43,54,0,0,0,54,0,54,51,54,11,0,51,0,0,0,8,0,0,8,51,0,0,0,0,8,0,0,0,0,0,0,51,54,0,46,8,54,54,0,54,0,0,0,51,0,0,0,0,0,0
"Old Provençal",0,0,0,0,0,0,0,0,0,0,0,0,3,0,0,0,0,0,0,0,0,0,0,0,0,3,0,3,0,0,0,0,0,0,0,0,0,0,0,0,0,0,3,0,0,0,0,3,0,3,3,0,0,0,0,3,0,0,0
"Persian",0,0,0,8,0,0,0,54,46,58,0,0,0,58,0,58,55,57,15,0,54,0,0,0,11,0,0,12,55,0,0,0,4,12,0,0,0,0,0,0,54,58,0,50,11,54,54,0,58,0,0,3,55,0,0,0,3,3,0
"Portuguese",0,0,0,0,1,0,0,0,1,3,0,0,17,0,0,3,0,0,1,0,0,0,0,0,0,17,0,17,0,0,0,0,0,2,0,0,0,0,0,0,0,4,17,0,0,0,0,3,0,17,6,0,0,0,0,17,1,0,0
"Provençal",0,0,0,0,1,0,0,0,0,0,0,0,6,0,0,0,0,0,0,0,0,0,0,0,0,6,0,6,0,0,0,0,0,0,0,0,0,0,0,0,0,0,6,0,0,0,0,3,0,6,6,0,0,0,0,6,0,0,0
"Russian",0,0,3,4,0,0,0,191,4,9,0,0,2,9,0,193,190,9,203,0,3,0,0,0,186,0,0,206,186,0,0,0,8,188,0,0,0,0,0,0,191,191,2,191,186,6,0,0,3,0,0,209,8,0,0,0,3,4,0
"Sanskrit",0,0,26,40,0,0,0,86,70,114,0,2,34,98,0,125,123,115,56,0,61,0,0,4,41,1,0,89,85,1,0,0,35,76,0,1,0,0,0,0,86,127,14,95,40,114,51,0,55,0,0,8,137,0,22,1,27,33,0
"Scots",0,0,0,0,0,0,0,0,0,1,0,0,1,1,0,1,1,1,1,0,0,0,0,1,0,0,0,1,0,0,0,0,0,0,0,0,0,0,0,0,0,1,0,1,0,1,0,0,0,0,0,0,0,1,0,0,0,0,0
"Slavic",0,0,22,0,0,0,0,0,22,26,0,0,0,26,0,26,26,26,22,0,0,0,0,0,22,0,0,22,26,0,0,0,4,26,0,0,0,0,0,0,0,26,0,26,22,26,0,0,0,0,0,0,22,0,26,0,26,22,0
"Spanish",0,2,0,0,3,0,0,1,4,10,0,0,58,6,1,17,7,1,14,0,0,4,0,0,0,57,0,61,0,0,0,0,7,12,0,0,0,0,2,0,1,22,50,6,0,4,0,3,0,17,6,0,1,0,0,62,2,0,0
"Swedish",0,0,22,0,0,0,0,4,92,135,0,2,2,124,0,163,160,122,42,0,3,0,0,6,26,2,0,47,34,2,0,0,96,110,0,0,0,0,0,0,4,162,2,131,26,148,0,0,3,1,0,3,27,0,26,2,163,27,0
"Welsh",0,0,22,6,0,1,0,7,25,35,0,2,11,35,0,45,35,35,32,0,3,0,0,2,40,0,0,40,27,0,0,0,10,30,0,0,0,0,0,0,7,46,11,45,39,32,0,0,3,0,0,4,33,0,22,0,27,47,0
"Yiddish",0,0,0,0,0,0,0,0,1,0,0,0,0,0,0,1,0,0,0,0,0,0,0,0,0,0,0,0,0,0,0,0,0,0,0,0,0,0,1,0,0,2,0,0,0,0,0,0,0,0,0,0,0,0,0,0,0,0,3
